2899860 3122031 2701269 3542780
1836719 1116779 2037055 2000000
3995802 2706630 3944538 3053285
2591204 2008272 2597837 2509170
2546593 1538222 2037055 2000000
252214 61954 1087565 -690123
950 1106672 -893678 1276864
1349445 1752783 2037055 2000000
3195828 3483667 3334657 3531523
2057761 2154359 2037055 2000000
2315350 3364640 2701269 3542780
327139 2426600 -88420 3646947
3943522 2854345 3944538 3053285
3358620 516881 3260516 2246079
1788376 8679 1087565 -690123
3344883 3537985 3334657 3531523
2961064 2697125 2597837 2509170
3780090 2093546 3260516 2246079
3291917 3398703 3334657 3531523
3999864 2998005 3944538 3053285
2919272 3732950 2701269 3542780
2057404 2947435 2037055 2000000
1072126 645784 1087565 -690123
3549465 2554712 3260516 2246079
3550313 3121694 3944538 3053285
3405149 3483630 3334657 3531523
2600212 3961193 2701269 3542780
1102632 3932527 -88420 3646947
67001 3506079 -88420 3646947
3994250 3975025 3944538 3053285
3019750 2125144 3260516 2246079
3282319 3656404 3334657 3531523
2797371 3645126 2701269 3542780